version https://git-lfs.github.com/spec/v1
oid sha256:5cc70ce105e2668dd9df093157fa0c6f066fd4ac6830475dde28db1a2ff648d0
size 91524
